-3.141592653589793 -0.002886751345948128
-3.0781261353354537 -0.00236504809684388
-3.0146596170811146 -0.0018398639856108748
-2.951193098826775 -0.001307291974471512
-2.887726580572436 -0.0007632052779827422
-2.8242600623180967 -0.00020323578429796204
-2.7607935440637577 0.00037724529060979665
-2.697327025809418 0.0009831405218665053
-2.633860507555079 0.0016196278789292022
-2.5703939893007397 0.002292143828686694
-2.5069274710464007 0.0030063388591809164
-2.443460952792061 0.0037679939401965117
-2.379994434537722 0.004582883969469029
-2.3165279162833827 0.005456572221026695
-2.2530613980290433 0.0063941190734057626
-2.1895948797747042 0.00739969015492487
-2.126128361520365 0.008476055240381525
-2.0626618432660258 0.009623981705685234
-1.9991953250116865 0.010841546609017354
-1.9357288067573473 0.012123419502867811
-1.872262288503008 0.013460200864411175
-1.8087957702486688 0.014837931244875511
-1.7453292519943295 0.01623790230315638
-1.6818627337399903 0.01763688960376084
-1.6183962154856508 0.019007879301411724
-1.5549296972313116 0.020321278611164662
-1.4914631789769723 0.021546500632776654
-1.427996660722633 0.022653727218364006
-1.3645301424682938 0.023615609452131682
-1.3010636242139546 0.024408680525006752
-1.2375971059596154 0.025014324542595404
-1.1741305877052761 0.025419242006178098
-1.1106640694509369 0.02561544660692469
-1.0471975511965974 0.025599894154186315
-0.9837310329422584 0.025373873388201726
-0.9202645146879189 0.02494228448774056
-0.8567979964335799 0.024312906305465298
-0.7933314781792404 0.023495720668218846
-0.7298649599249014 0.02250233105356882
-0.666398441670562 0.02134548865972402
-0.6029319234162229 0.02003872265220953
-0.5394654051618835 0.01859606227933592
-0.47599888690754444 0.017031834766261862
-0.412532368653205 0.015360522536056926
-0.34906585039886595 0.013596664831453657
-0.2855993321445265 0.011754791148480858
-0.22213281389018746 0.009849376378076362
-0.158666295635848 0.007894809824728951
-0.09519977738150853 0.005905372174372486
-0.03173325912716951 0.0038952159786955287
0.031733259127169955 0.0018783463339384213
0.09519977738150898 -0.00013140078925502944
0.15866629563584844 -0.0021203846028347434
0.22213281389018746 -0.004075191692494087
0.28559933214452693 -0.005982675960811836
0.34906585039886595 -0.007830007921388943
0.4125323686532054 -0.009604734984516876
0.47599888690754444 -0.011294854422752472
0.5394654051618839 -0.012888900696846737
0.6029319234162229 -0.014376048685269349
0.6663984416705624 -0.015746234007738277
0.7298649599249014 -0.016990290967860568
0.7933314781792409 -0.018100107563195772
0.8567979964335799 -0.019068795438196257
0.9202645146879194 -0.019890870543131534
0.9837310329422584 -0.020562437644401875
1.0471975511965983 -0.02108136886219614
1.1106640694509373 -0.021447463400549652
1.1741305877052763 -0.021662573065314963
1.2375971059596154 -0.021730676665862706
1.3010636242139553 -0.021657886652304222
1.3645301424682943 -0.021452373939495582
1.4279966607226333 -0.021124202100279047
1.4914631789769723 -0.020685069767565446
1.5549296972313122 -0.020147969359040986
1.6183962154856513 -0.019526779768996718
1.6818627337399903 -0.018835818792067433
1.7453292519943293 -0.018089386176611773
1.8087957702486692 -0.01730132929367676
1.8722622885030082 -0.016484660222198043
1.9357288067573473 -0.01565124626087559
1.9991953250116872 -0.014811586848868062
2.062661843266026 -0.013974680288071948
2.126128361520365 -0.013147975065064273
2.1895948797747042 -0.012337394074004696
2.253061398029044 -0.011547416145150115
2.316527916283383 -0.01078119792491779
2.379994434537722 -0.010040719868193729
2.443460952792061 -0.009326942231793884
2.506927471046401 -0.0086399598271001
2.57039398930074 -0.007979147337382796
2.633860507555079 -0.007343289834430151
2.697327025809418 -0.0067306955116283994
2.760793544063758 -0.006139289497942302
2.824260062318097 -0.0055666889390077814
2.887726580572436 -0.0050102603957332065
2.951193098826776 -0.004467161111870864
3.014659617081115 -0.003934365939384319
3.078126135335454 -0.0034086817762926393
3.141592653589793 -0.00288675134594813
