-3.141592653589793 0.008212432004045143
-3.0781261353354537 0.008237567738695429
-3.0146596170811146 0.008322644996641726
-2.951193098826775 0.008470957084594812
-2.887726580572436 0.008686137865212582
-2.8242600623180967 0.00897215269680612
-2.7607935440637577 0.009333234686007587
-2.697327025809418 0.009773748821341256
-2.633860507555079 0.010297960498005663
-2.5703939893007397 0.01090967848240473
-2.5069274710464007 0.011611736471937688
-2.443460952792061 0.012405273944925566
-2.379994434537722 0.013288779127097453
-2.3165279162833827 0.014256869435165645
-2.2530613980290433 0.015298814180831198
-2.1895948797747042 0.016396857971883227
-2.126128361520365 0.017524486908452253
-2.0626618432660258 0.018644892779666827
-1.9991953250116865 0.01971001893376212
-1.9357288067573473 0.020660680063112058
-1.872262288503008 0.02142827757858493
-1.8087957702486688 0.02193850992502205
-1.7453292519943295 0.022117148500284352
-1.6818627337399903 0.021897426910716687
-1.6183962154856508 0.021227994816577854
-1.5549296972313116 0.020079940390471725
-1.4914631789769723 0.018451328045538617
-1.427996660722633 0.016368150745856385
-1.3645301424682938 0.013881453290214901
-1.3010636242139546 0.01106133350344934
-1.2375971059596154 0.007989211487132386
-1.1741305877052761 0.0047499524844430005
-1.1106640694509369 0.0014251506742748148
-1.0471975511965974 -0.0019116725129409897
-0.9837310329422584 -0.005197784149934965
-0.9202645146879189 -0.008382131711763328
-0.8567979964335799 -0.011424894811186003
-0.7933314781792404 -0.014296217961060148
-0.7298649599249014 -0.01697456784916302
-0.666398441670562 -0.019445034148456213
-0.6029319234162229 -0.021697769179192365
-0.5394654051618835 -0.02372666263722216
-0.47599888690754444 -0.025528279422381984
-0.412532368653205 -0.02710104797228048
-0.34906585039886595 -0.02844466643508589
-0.2855993321445265 -0.029559687403286107
-0.22213281389018746 -0.03044724309609736
-0.158666295635848 -0.031108877868847876
-0.09519977738150853 -0.031546461283208
-0.03173325912716951 -0.031762161322232696
0.031733259127169955 -0.03175846301805966
0.09519977738150898 -0.03153822253355721
0.15866629563584844 -0.03110475057298121
0.22213281389018746 -0.03046192194806375
0.28559933214452693 -0.02961431026153461
0.34906585039886595 -0.02856734802160494
0.4125323686532054 -0.027327513041872843
0.47599888690754444 -0.025902541617664213
0.5394654051618839 -0.024301667545349636
0.6029319234162229 -0.022535883367102227
0.6663984416705624 -0.020618216083519374
0.7298649599249014 -0.018564003861879654
0.7933314781792409 -0.016391153050472725
0.8567979964335799 -0.014120346499877498
0.9202645146879194 -0.011775165702849453
0.9837310329422584 -0.009382082143329775
1.0471975511965983 -0.006970269698599053
1.1106640694509373 -0.00457119264319515
1.1741305877052763 -0.0022179354061498974
1.2375971059596154 5.573748690452379e-05
1.3010636242139553 0.002216570053232024
1.3645301424682943 0.004233190580328624
1.4279966607226333 0.006077571594475922
1.4914631789769723 0.0077264377562443615
1.5549296972313122 0.009162469381627196
1.6183962154856513 0.010375158038155405
1.6818627337399903 0.011361206134679131
1.7453292519943293 0.012124419696145089
1.8087957702486692 0.012675111459515918
1.8722622885030082 0.013029095720510971
1.9357288067573473 0.013206403781991088
1.9991953250116872 0.013229871136004885
2.062661843266026 0.013123743258650959
2.126128361520365 0.012912421044212185
2.1895948797747042 0.012619428276341044
2.253061398029044 0.012266641741420161
2.316527916283383 0.011873787472392481
2.379994434537722 0.01145817889345203
2.443460952792061 0.011034655828070963
2.506927471046401 0.010615676485664974
2.57039398930074 0.010211515318814993
2.633860507555079 0.009830525297253118
2.697327025809418 0.009479431194100506
2.760793544063758 0.009163629039169468
2.824260062318097 0.008887474745346517
2.887726580572436 0.008654551415601723
2.951193098826776 0.008467909768993297
3.014659617081115 0.008330279523979333
3.078126135335454 0.008244251615567428
3.141592653589793 0.008212432004045143
