0.0 0.0014433756729740645
0.06346651825433926 -0.00019837670155061502
0.12693303650867852 -0.001830590637520317
0.1903995547630178 -0.0034439567748768725
0.25386607301735703 -0.0050293094175657745
0.3173325912716963 -0.006577658901450722
0.3807991095260356 -0.008080228920838673
0.4442656277803748 -0.009528499606860951
0.5077321460347141 -0.010914257165798986
0.5711986642890533 -0.012229650854976527
0.6346651825433925 -0.01346725795808916
0.6981317007977318 -0.014620157174699238
0.7615982190520711 -0.015682010410366497
0.8250647373064104 -0.016647152297267105
0.8885312555607496 -0.017510685856177644
0.9519977738150889 -0.018268581524507728
1.0154642920694281 -0.018917775365953297
1.0789308103237674 -0.019456260759391483
1.1423973285781066 -0.019883166436201517
1.2058638468324459 -0.02019881267751541
1.269330365086785 -0.020404737132223197
1.3327968833411243 -0.02050368240286787
1.3962634015954636 -0.020499539502060356
1.4597299198498028 -0.02039724453780391
1.5231964381041423 -0.020202630290991883
1.5866629563584815 -0.019922239150695756
1.6501294746128208 -0.019563108394775548
1.71359599286716 -0.019132542206288454
1.7770625111214993 -0.018637886416695573
1.8405290293758385 -0.01808632143064615
1.9039955476301778 -0.0174846862285087
1.967462065884517 -0.01683934229047996
2.0309285841388562 -0.01615608152846525
2.0943951023931957 -0.015440077682435091
2.1578616206475347 -0.014695876816842205
2.221328138901874 -0.013927419944359195
2.284794657156213 -0.01313808951152962
2.3482611754105527 -0.012330771359767997
2.4117276936648917 -0.011507924531558465
2.475194211919231 -0.010671652582749021
2.53866073017357 -0.00982377157324845
2.6021272484279097 -0.008965871398778824
2.6655937666822487 -0.008099368440446078
2.729060284936588 -0.007225548569939974
2.792526803190927 -0.006345600339075594
2.8559933214452666 -0.005460638724836976
2.9194598396996057 -0.004571720137349179
2.982926357953945 -0.00367984957778313
3.0463928762082846 -0.0027859809044979635
3.1098593944626236 -0.0018910111719112454
3.173325912716963 -0.0009957699844057337
3.236792430971302 -0.00010100478806076923
3.3002589492256416 0.000792636966836022
3.3637254674799806 0.0016846277945580385
3.42719198573432 0.0025745811310024613
3.490658503988659 0.003462271884043233
3.5541250222429985 0.004347654794169946
3.6175915404973376 0.005230878268691379
3.681058058751677 0.00611229060753423
3.744524577006016 0.006992434589778356
3.8079910952603555 0.007872025256756145
3.8714576135146945 0.008751904488704337
3.934924131769034 0.009632964807256462
3.998390650023373 0.010516034077895097
4.0618571682777125 0.011401712972054681
4.1253236865320515 0.012290158944942274
4.188790204786391 0.013180815036440008
4.25225672304073 0.014072089925277736
4.3157232412950695 0.014961007820048392
4.3791897595494085 0.015842862290142347
4.442656277803748 0.016710924494294895
4.506122796058087 0.017556268660377527
4.569589314312426 0.01836777964724598
4.6330558325667655 0.01913239296216994
4.696522350821105 0.019835584524633926
4.759988869075444 0.020462080524784383
4.823455387329783 0.020996709131957204
4.886921905584122 0.021425281438788052
4.950388423838462 0.0217353814272685
5.013854942092801 0.02191696681111663
5.07732146034714 0.021962726056519298
5.14078797860148 0.021868186556126875
5.204254496855819 0.021631610050584844
5.267721015110158 0.02125373527829467
5.331187533364497 0.02073743348404764
5.394654051618837 0.020087334392049825
5.458120569873176 0.019309465149212647
5.521587088127515 0.018410928359728847
5.585053606381854 0.017399631320497932
5.648520124636194 0.01628406844204875
5.711986642890533 0.01507315260932458
5.775453161144872 0.013776088143549463
5.838919679399211 0.012402277101741905
5.902386197653551 0.01096125102450492
5.96585271590789 0.009462621263103595
6.029319234162229 0.007916042254423751
6.092785752416569 0.006331183318048052
6.156252270670908 0.0047177056000179095
6.219718788925247 0.003085241638118877
6.283185307179586 0.001443375672974071
