-3.141592653589793 0.014106216002022571
-3.0781261353354537 0.014098650634066559
-3.0146596170811146 0.014080870626628817
-2.951193098826775 0.014054765514924471
-2.887726580572436 0.014022555946569855
-2.8242600623180967 0.013986787525812514
-2.7607935440637577 0.01395029667316452
-2.697327025809418 0.013916139793536838
-2.633860507555079 0.01388747401970068
-2.5703939893007397 0.013867374569514175
-2.5069274710464007 0.01385857081127943
-2.443460952792061 0.013863081403652562
-2.379994434537722 0.013881729944599429
-2.3165279162833827 0.013913528833154143
-2.2530613980290433 0.013954933761260821
-2.1895948797747042 0.013998998081653596
-2.126128361520365 0.014034498130331152
-2.0626618432660258 0.01404515713756024
-1.9991953250116865 0.014009159596899922
-1.9357288067573473 0.013899202247474745
-1.872262288503008 0.013683342542575213
-1.8087957702486688 0.013326844317605297
-1.7453292519943295 0.01279505602681148
-1.6818627337399903 0.012057095454368455
-1.6183962154856508 0.011089816566526347
-1.5549296972313116 0.009881310556887781
-1.4914631789769723 0.008433164454201421
-1.427996660722633 0.006760926990195339
-1.3645301424682938 0.004892659964455542
-1.3010636242139546 0.0028659286148243193
-1.2375971059596154 0.0007239261103919748
-1.1741305877052761 -0.0014884750147097876
-1.1106640694509369 -0.003728090788920335
-1.0471975511965974 -0.005955836256470498
-0.9837310329422584 -0.008138092713628586
-0.9202645146879189 -0.010247162727258334
-0.8567979964335799 -0.012261054745045852
-0.7933314781792404 -0.014162857857593289
-0.7298649599249014 -0.015939928421339056
-0.666398441670562 -0.017583048021655983
-0.6029319234162229 -0.01908565040389451
-0.5394654051618835 -0.02044316545096085
-0.47599888690754444 -0.02165249419774023
-0.412532368653205 -0.022711608560460936
-0.34906585039886595 -0.02361925942540203
-0.2855993321445265 -0.02437477343778803
-0.22213281389018746 -0.02497791941690275
-0.158666295635848 -0.025428827821187883
-0.09519977738150853 -0.025727949867334843
-0.03173325912716951 -0.0258760460849482
0.031733259127169955 -0.02587419693286168
0.09519977738150898 -0.025723830492509453
0.15866629563584844 -0.02542676417325455
0.22213281389018746 -0.024985258842885945
0.28559933214452693 -0.02440208486691228
0.34906585039886595 -0.023680600218661554
0.4125323686532054 -0.022824841095257117
0.47599888690754444 -0.02183962529538134
0.5394654051618839 -0.020730667905024588
0.6029319234162229 -0.019504707497849442
0.6663984416705624 -0.01816963898918756
0.7298649599249014 -0.016734646427697373
0.7933314781792409 -0.015210325402299574
0.8567979964335799 -0.013608780589391599
0.9202645146879194 -0.011943679722801394
0.9837310329422584 -0.01023024171032599
1.0471975511965983 -0.008485134849299521
1.1106640694509373 -0.006726262447655313
1.1741305877052763 -0.004972418960006234
1.2375971059596154 -0.003242810889721956
1.3010636242139553 -0.0015564531102843335
1.3645301424682943 6.852860951240755e-05
1.4279966607226333 0.00161563741450511
1.4914631789769723 0.003070719309554294
1.5549296972313122 0.004422575052465524
1.6183962154856513 0.005663398177315128
1.6818627337399903 0.006788985066349675
1.7453292519943293 0.007798691624741845
1.8087957702486692 0.008695145084852234
1.8722622885030082 0.009483751613538236
1.9357288067573473 0.010172064106914262
1.9991953250116872 0.010769085698021312
2.062661843266026 0.011284582377052309
2.126128361520365 0.011728465198211118
2.1895948797747042 0.012110283233882503
2.253061398029044 0.012438847541555309
2.316527916283383 0.012721987851767565
2.379994434537722 0.012966429827776719
2.443460952792061 0.01317777234522526
2.506927471046401 0.013360540818143076
2.57039398930074 0.01351829298771931
2.633860507555079 0.013653756419324408
2.697327025809418 0.013768980979916464
2.760793544063758 0.013865493849745461
2.824260062318097 0.013944448550082714
2.887726580572436 0.014006762721764425
2.951193098826776 0.014053241857123717
3.014659617081115 0.014084687890297619
3.078126135335454 0.014101992572502558
3.141592653589793 0.014106216002022571
