-3.141592653589793 2.4492935982947064e-18
-3.0781261353354537 0.0012684783931312968
-3.0146596170811146 0.0025318490714749875
-2.951193098826775 0.00378502488720821
-2.887726580572436 0.005022959743621586
-2.8242600623180967 0.006240668913969747
-2.7607935440637577 0.007433249113206551
-2.697327025809418 0.008595898241783436
-2.633860507555079 0.009723934722009374
-2.5703939893007397 0.010812816349111956
-2.5069274710464007 0.011858158581092808
-2.443460952792061 0.01285575219373079
-2.379994434537722 0.013801580229642238
-2.3165279162833827 0.014691834173150668
-2.2530613980290433 0.015522929285835142
-2.1895948797747042 0.016291519041006716
-2.126128361520365 0.016994508598990286
-2.0626618432660258 0.01762906726895164
-1.9991953250116865 0.018192639907090368
-1.9357288067573473 0.018682957205302136
-1.872262288503008 0.01909804482888148
-1.8087957702486688 0.019436231366470835
-1.7453292519943295 0.01969615506024416
-1.6818627337399903 0.019876769289225084
-1.6183962154856508 0.01997734678366016
-1.5549296972313116 0.0199974825534775
-1.4914631789769723 0.019937095519038845
-1.427996660722633 0.019796428837618653
-1.3645301424682938 0.019576048924295576
-1.3010636242139546 0.01927684317119884
-1.2375971059596154 0.01890001637429337
-1.1741305877052761 0.018447085882091627
-1.1106640694509369 0.017919875485826717
-1.0471975511965974 0.01732050807568877
-0.9837310329422584 0.016651397092695426
-0.9202645146879189 0.01591523681061664
-0.8567979964335799 0.015114991487085165
-0.7933314781792404 0.014253883427577255
-0.7298649599249014 0.013335380010325833
-0.666398441670562 0.012363179724412102
-0.6029319234162229 0.011341197277255416
-0.5394654051618835 0.010273547831468124
-0.47599888690754444 0.009164530434548209
-0.412532368653205 0.00801861070813227
-0.34906585039886595 0.006840402866513376
-0.2855993321445265 0.00563465113682859
-0.22213281389018746 0.004406210655730814
-0.158666295635848 0.003160027919466995
-0.09519977738150853 0.0019011208660836463
-0.03173325912716951 0.0006345586699613506
0.031733259127169955 -0.0006345586699613595
0.09519977738150898 -0.0019011208660836552
0.15866629563584844 -0.003160027919467004
0.22213281389018746 -0.004406210655730814
0.28559933214452693 -0.005634651136828599
0.34906585039886595 -0.006840402866513376
0.4125323686532054 -0.008018610708132277
0.47599888690754444 -0.009164530434548209
0.5394654051618839 -0.010273547831468131
0.6029319234162229 -0.011341197277255416
0.6663984416705624 -0.012363179724412109
0.7298649599249014 -0.013335380010325833
0.7933314781792409 -0.014253883427577258
0.8567979964335799 -0.015114991487085165
0.9202645146879194 -0.015915236810616646
0.9837310329422584 -0.016651397092695426
1.0471975511965983 -0.01732050807568878
1.1106640694509373 -0.01791987548582672
1.1741305877052763 -0.01844708588209163
1.2375971059596154 -0.01890001637429337
1.3010636242139553 -0.019276843171198845
1.3645301424682943 -0.019576048924295576
1.4279966607226333 -0.019796428837618653
1.4914631789769723 -0.019937095519038845
1.5549296972313122 -0.0199974825534775
1.6183962154856513 -0.01997734678366016
1.6818627337399903 -0.019876769289225084
1.7453292519943293 -0.019696155060244164
1.8087957702486692 -0.01943623136647083
1.8722622885030082 -0.01909804482888148
1.9357288067573473 -0.018682957205302136
1.9991953250116872 -0.01819263990709036
2.062661843266026 -0.017629067268951637
2.126128361520365 -0.016994508598990286
2.1895948797747042 -0.016291519041006716
2.253061398029044 -0.01552292928583513
2.316527916283383 -0.014691834173150661
2.379994434537722 -0.013801580229642238
2.443460952792061 -0.01285575219373079
2.506927471046401 -0.011858158581092801
2.57039398930074 -0.010812816349111949
2.633860507555079 -0.009723934722009374
2.697327025809418 -0.008595898241783436
2.760793544063758 -0.0074332491132065425
2.824260062318097 -0.006240668913969739
2.887726580572436 -0.005022959743621586
2.951193098826776 -0.003785024887208193
3.014659617081115 -0.002531849071474979
3.078126135335454 -0.001268478393131288
3.141592653589793 -2.4492935982947064e-18
