-3.141592653589793 1.2246467991473532e-18
-3.0781261353354537 0.0006342391965656484
-3.0146596170811146 0.0012659245357374937
-2.951193098826775 0.001892512443604105
-2.887726580572436 0.002511479871810793
-2.8242600623180967 0.0031203344569848733
-2.7607935440637577 0.0037166245566032756
-2.697327025809418 0.004297949120891718
-2.633860507555079 0.004861967361004687
-2.5703939893007397 0.005406408174555978
-2.5069274710464007 0.005929079290546404
-2.443460952792061 0.006427876096865395
-2.379994434537722 0.006900790114821119
-2.3165279162833827 0.007345917086575334
-2.2530613980290433 0.007761464642917571
-2.1895948797747042 0.008145759520503358
-2.126128361520365 0.008497254299495143
-2.0626618432660258 0.00881453363447582
-1.9991953250116865 0.009096319953545184
-1.9357288067573473 0.009341478602651068
-1.872262288503008 0.00954902241444074
-1.8087957702486688 0.009718115683235417
-1.7453292519943295 0.00984807753012208
-1.6818627337399903 0.009938384644612542
-1.6183962154856508 0.00998867339183008
-1.5549296972313116 0.00999874127673875
-1.4914631789769723 0.009968547759519423
-1.427996660722633 0.009898214418809326
-1.3645301424682938 0.009788024462147788
-1.3010636242139546 0.00963842158559942
-1.2375971059596154 0.009450008187146685
-1.1741305877052761 0.009223542941045814
-1.1106640694509369 0.008959937742913359
-1.0471975511965974 0.008660254037844385
-0.9837310329422584 0.008325698546347713
-0.9202645146879189 0.00795761840530832
-0.8567979964335799 0.0075574957435425826
-0.7933314781792404 0.0071269417137886275
-0.7298649599249014 0.0066676900051629165
-0.666398441670562 0.006181589862206051
-0.6029319234162229 0.005670598638627708
-0.5394654051618835 0.005136773915734062
-0.47599888690754444 0.004582265217274104
-0.412532368653205 0.004009305354066135
-0.34906585039886595 0.003420201433256688
-0.2855993321445265 0.002817325568414295
-0.22213281389018746 0.002203105327865407
-0.158666295635848 0.0015800139597334974
-0.09519977738150853 0.0009505604330418231
-0.03173325912716951 0.0003172793349806753
0.031733259127169955 -0.00031727933498067976
0.09519977738150898 -0.0009505604330418276
0.15866629563584844 -0.001580013959733502
0.22213281389018746 -0.002203105327865407
0.28559933214452693 -0.0028173255684142994
0.34906585039886595 -0.003420201433256688
0.4125323686532054 -0.004009305354066139
0.47599888690754444 -0.004582265217274104
0.5394654051618839 -0.005136773915734066
0.6029319234162229 -0.005670598638627708
0.6663984416705624 -0.006181589862206054
0.7298649599249014 -0.0066676900051629165
0.7933314781792409 -0.007126941713788629
0.8567979964335799 -0.0075574957435425826
0.9202645146879194 -0.007957618405308323
0.9837310329422584 -0.008325698546347713
1.0471975511965983 -0.00866025403784439
1.1106640694509373 -0.00895993774291336
1.1741305877052763 -0.009223542941045815
1.2375971059596154 -0.009450008187146685
1.3010636242139553 -0.009638421585599423
1.3645301424682943 -0.009788024462147788
1.4279966607226333 -0.009898214418809326
1.4914631789769723 -0.009968547759519423
1.5549296972313122 -0.00999874127673875
1.6183962154856513 -0.00998867339183008
1.6818627337399903 -0.009938384644612542
1.7453292519943293 -0.009848077530122082
1.8087957702486692 -0.009718115683235416
1.8722622885030082 -0.00954902241444074
1.9357288067573473 -0.009341478602651068
1.9991953250116872 -0.00909631995354518
2.062661843266026 -0.008814533634475819
2.126128361520365 -0.008497254299495143
2.1895948797747042 -0.008145759520503358
2.253061398029044 -0.007761464642917565
2.316527916283383 -0.007345917086575331
2.379994434537722 -0.006900790114821119
2.443460952792061 -0.006427876096865395
2.506927471046401 -0.005929079290546401
2.57039398930074 -0.005406408174555974
2.633860507555079 -0.004861967361004687
2.697327025809418 -0.004297949120891718
2.760793544063758 -0.0037166245566032713
2.824260062318097 -0.0031203344569848694
2.887726580572436 -0.002511479871810793
2.951193098826776 -0.0018925124436040964
3.014659617081115 -0.0012659245357374894
3.078126135335454 -0.000634239196565644
3.141592653589793 -1.2246467991473532e-18
