-3.141592653589793 -0.001443375672974063
-3.0781261353354537 -0.0005482848518562915
-3.0146596170811146 0.00034599254293205635
-2.951193098826775 0.0012388664563683489
-2.887726580572436 0.002129877232819422
-2.8242600623180967 0.0030187165648358923
-2.7607935440637577 0.003905247201908174
-2.697327025809418 0.004789519381824971
-2.633860507555079 0.005671781300469288
-2.5703939893007397 0.006552480088899325
-2.5069274710464007 0.007432248720136862
-2.443460952792061 0.00831187306696365
-2.379994434537722 0.009192232099555633
-2.3165279162833827 0.010074203197088683
-2.2530613980290433 0.010958524179620451
-2.1895948797747042 0.011845604597965794
-2.126128361520365 0.012735281919685905
-2.0626618432660258 0.013626524487318437
-1.9991953250116865 0.014517093258053861
-1.9357288067573473 0.015403188354084975
-1.872262288503008 0.016279122846646326
-1.8087957702486688 0.017137081305673173
-1.7453292519943295 0.017967028681700272
-1.6818627337399903 0.01875682944649296
-1.6183962154856508 0.019492613042535942
-1.5549296972313116 0.02015938058232108
-1.4914631789769723 0.02074179807590775
-1.427996660722633 0.02122507802799133
-1.3645301424682938 0.02159582918821363
-1.3010636242139546 0.0218427618481028
-1.2375971059596154 0.021957170458444385
-1.1741305877052761 0.021933163944134863
-1.1106640694509369 0.021767661046375703
-1.0471975511965974 0.021460201114937544
-0.9837310329422584 0.021012635240448576
-0.9202645146879189 0.0204287606491786
-0.8567979964335799 0.01971394889627523
-0.7933314781792404 0.01887480204789805
-0.7298649599249014 0.017918855531947327
-0.666398441670562 0.01685433419206806
-0.6029319234162229 0.015689959964732474
-0.5394654051618835 0.014434805055402022
-0.47599888690754444 0.013098182600405036
-0.412532368653205 0.011689566622094598
-0.34906585039886595 0.010218533848983516
-0.2855993321445265 0.008694721142654724
-0.22213281389018746 0.007127793516903588
-0.158666295635848 0.005527418872097973
-0.09519977738150853 0.0039032465202280663
-0.03173325912716951 0.0022648873243284397
0.031733259127169955 0.0006218938319885309
0.09519977738150898 -0.0010162608276693423
0.15866629563584844 -0.0026402062611508735
0.22213281389018746 -0.0042407011741124505
0.28559933214452693 -0.005808663548820217
0.34906585039886595 -0.007335205393951159
0.4125323686532054 -0.008811672846324578
0.47599888690754444 -0.010229692428650341
0.5394654051618839 -0.011581224264157435
0.6029319234162229 -0.012858622981262382
0.6663984416705624 -0.014054706866075193
0.7298649599249014 -0.015162835489093201
0.7933314781792409 -0.016176995495386516
0.8567979964335799 -0.01709189346264071
0.9202645146879194 -0.01790305367687409
0.9837310329422584 -0.01860691736854865
1.0471975511965983 -0.019200938468942462
1.1106640694509373 -0.01968366944318819
1.1741305877052763 -0.020054829473703295
1.2375971059596154 -0.020315346520078038
1.3010636242139553 -0.020467364911751534
1.3645301424682943 -0.02051421143189558
1.4279966607226333 -0.02046031546894885
1.4914631789769723 -0.020311082643302145
1.5549296972313122 -0.020072725956259245
1.6183962154856513 -0.01975206327632844
1.6818627337399903 -0.01935629404064626
1.7453292519943293 -0.018892770618427968
1.8087957702486692 -0.018368780330073796
1.8722622885030082 -0.01779135252553976
1.9357288067573473 -0.01716710173308886
1.9991953250116872 -0.016502113377979213
2.062661843266026 -0.01580187377851179
2.126128361520365 -0.01507124183202728
2.1895948797747042 -0.014314456557505706
2.253061398029044 -0.013535172715492623
2.316527916283383 -0.012736516049034224
2.379994434537722 -0.011921150048917983
2.443460952792061 -0.011091347212762337
2.506927471046401 -0.01024905920409645
2.57039398930074 -0.009395981843247372
2.633860507555079 -0.008533612278219763
2.697327025809418 -0.007663296876705918
2.760793544063758 -0.006786269305574423
2.824260062318097 -0.00590367892648876
2.887726580572436 -0.005016610069677396
2.951193098826776 -0.004126092999539528
3.014659617081115 -0.003233107505429649
3.078126135335454 -0.002338580084711964
3.141592653589793 -0.001443375672974066
