0.0 0.002886751345948129
0.06346651825433926 0.00087172499003006
0.12693303650867852 -0.0011293322035656487
0.1903995547630178 -0.0031028886625455404
0.25386607301735703 -0.005035659091509964
0.3173325912716963 -0.0069146488889317015
0.3807991095260356 -0.008727208728470796
0.4442656277803748 -0.01046110097193847
0.5077321460347141 -0.012104579609588597
0.5711986642890533 -0.013646485360841103
0.6346651825433925 -0.015076357335085512
0.6981317007977318 -0.01638456215566769
0.7615982190520711 -0.017562440591090755
0.8250647373064104 -0.018602470421383542
0.8885312555607496 -0.01949844242652015
0.9519977738150889 -0.02024564400800874
1.0154642920694281 -0.020841042132916304
1.0789308103237674 -0.02128345424983133
1.1423973285781066 -0.021573692965312665
1.2058638468324459 -0.02171466814972868
1.269330365086785 -0.021711429435564915
1.3327968833411243 -0.021571133439264905
1.3962634015954636 -0.021302923943876555
1.4597299198498028 -0.020917719786382735
1.5231964381041423 -0.0204279137983236
1.5866629563584815 -0.019846995747914008
1.6501294746128208 -0.01918912127051225
1.71359599286716 -0.018468655574958255
1.7770625111214993 -0.017699723909095567
1.8405290293758385 -0.01689579969009346
1.9039955476301778 -0.016069356082724036
1.967462065884517 -0.015231598698868296
2.0309285841388562 -0.014392287571103784
2.0943951023931957 -0.013559647289181409
2.1578616206475347 -0.01274035654098898
2.221328138901874 -0.011939603078101753
2.284794657156213 -0.011161187535974074
2.3482611754105527 -0.010407659291958742
2.4117276936648917 -0.009680469052791098
2.475194211919231 -0.008980125441085937
2.53866073017357 -0.008306345869241484
2.6021272484279097 -0.007658194966089523
2.6655937666822487 -0.007034206446343946
2.729060284936588 -0.006432486431747675
2.792526803190927 -0.0058507978116378095
2.8559933214452666 -0.00528662631284536
2.9194598396996057 -0.004737229618967542
2.982926357953945 -0.004199671236099262
3.0463928762082846 -0.0036708409429122785
3.1098593944626236 -0.003147463673861138
3.173325912716963 -0.0026260986387728245
3.236792430971302 -0.002103130442205191
3.3002589492256416 -0.0015747539857949577
3.3637254674799806 -0.0010369550666147346
3.42719198573432 -0.0004854888748236745
3.490658503988659 8.4140901573093e-05
3.5541250222429985 0.0006766988802076167
3.6175915404973376 0.001297226102834552
3.681058058751677 0.0019510333836003316
3.744524577006016 0.0026436719023013
3.8079910952603555 0.0033808707891001856
3.8714576135146945 0.004168428967082843
3.934924131769034 0.005012046186935666
3.998390650023373 0.005917076668705033
4.0618571682777125 0.0068881891334927215
4.1253236865320515 0.007928920797189123
4.188790204786391 0.009041121997191238
4.25225672304073 0.01022430436472875
4.3157232412950695 0.011474929758005159
4.3791897595494085 0.012785708205991331
4.442656277803748 0.014145005817390942
4.506122796058087 0.015536488396459474
4.569589314312426 0.016939130456873303
4.6330558325667655 0.018327690405301033
4.696522350821105 0.019673686495790352
4.759988869075444 0.020946814265908602
4.823455387329783 0.022116648974689325
4.886921905584122 0.023154407817331937
4.950388423838462 0.024034531488066165
5.013854942092801 0.024735888793351785
5.07732146034714 0.02524249490773646
5.14078797860148 0.02554373320516339
5.204254496855819 0.025634152832218052
5.267721015110158 0.02551296195759905
5.331187533364497 0.02518334792708856
5.394654051618837 0.024651739498264515
5.458120569873176 0.023927096125274633
5.521587088127515 0.02302027648981545
5.585053606381854 0.02194351044726507
5.648520124636194 0.020709978303004695
5.711986642890533 0.01933348886953721
5.775453161144872 0.01782824156508955
5.838919679399211 0.01620865596170037
5.902386197653551 0.014489252935803295
5.96585271590789 0.01268457361223745
6.029319234162229 0.010809124765225917
6.092785752416569 0.00887734174888791
6.156252270670908 0.006903562128560839
6.219718788925247 0.004902004883106463
6.283185307179586 0.002886751345948137
