0.0 -0.031787567995954856
0.06346651825433926 -0.03167521544330795
0.12693303650867852 -0.03134791298925248
0.1903995547630178 -0.030809238121514974
0.25386607301735703 -0.03006339664025253
0.3173325912716963 -0.029115369964291305
0.3807991095260356 -0.027971088281473436
0.4442656277803748 -0.026637630337364344
0.5077321460347141 -0.02512344978553828
0.5711986642890533 -0.02343862599443226
0.6346651825433925 -0.02159513381557737
0.6981317007977318 -0.019607121896688163
0.7615982190520711 -0.017491182630750775
0.8250647373064104 -0.015266588989892804
0.8885312555607496 -0.012955464941960737
0.9519977738150889 -0.010582848106506882
1.0154642920694281 -0.00817659766020791
1.0789308103237674 -0.005767099732256347
1.1423973285781066 -0.0033867293840705737
1.2058638468324459 -0.0010690450816837902
1.269330365086785 0.0011522807073799718
1.3327968833411243 0.003244754039138825
1.3962634015954636 0.005178492589467874
1.4597299198498028 0.006927678138638689
1.5231964381041423 0.008471881405205712
1.5866629563584815 0.009797107935019507
1.6501294746128208 0.010896436030515912
1.71359599286716 0.01177016512540733
1.7770625111214993 0.012425457302936245
1.8405290293758385 0.012875522600833411
1.9039955476301778 0.013138456019601393
1.967462065884517 0.013235869621575243
2.0309285841388562 0.013191471861035805
2.0943951023931957 0.013029730301400928
2.1578616206475347 0.012774720411314642
2.221328138901874 0.01244922178265721
2.284794657156213 0.012074082857933906
2.3482611754105527 0.01166784245778012
2.4117276936648917 0.011246574125150535
2.475194211919231 0.01082390770619212
2.53866073017357 0.010411179890091085
2.6021272484279097 0.010017668984049445
2.6655937666822487 0.009650876328532728
2.729060284936588 0.009316825255409934
2.792526803190927 0.009020356809831397
2.8559933214452666 0.008765408683045284
2.9194598396996057 0.008555269527352536
2.982926357953945 0.008392804974074554
3.0463928762082846 0.008280654369366173
3.1098593944626236 0.008221398677267747
3.173325912716963 0.008217700373094706
3.236792430971302 0.008272415619715395
3.3002589492256416 0.008388677678207902
3.3637254674799806 0.008569948379318926
3.42719198573432 0.008820031541293795
3.490658503988659 0.009143038396350441
3.5541250222429985 0.009543290325002311
3.6175915404973376 0.010025138523814953
3.681058058751677 0.010592673892176933
3.744524577006016 0.01124929407800095
3.8079910952603555 0.011997089641255293
3.8714576135146945 0.012836010137867164
3.934924131769034 0.013762777547192719
3.998390650023373 0.014769534546625399
4.0618571682777125 0.015842255773743354
4.1253236865320515 0.016959018404709453
4.188790204786391 0.018088327487059033
4.25225672304073 0.01918781517850579
4.3157232412950695 0.02020375751216815
4.3791897595494085 0.021071930019829252
4.442656277803748 0.02172028605105075
4.506122796058087 0.022073720012822536
4.569589314312426 0.0220607442767878
4.6330558325667655 0.021621326319810164
4.696522350821105 0.020714578943864043
4.759988869075444 0.019324718183628166
4.823455387329783 0.01746389891467625
4.886921905584122 0.01517122139360716
4.950388423838462 0.012508152504644952
5.013854942092801 0.009551462565453934
5.07732146034714 0.006385231199437187
5.14078797860148 0.0030934184136866376
5.204254496855819 -0.00024595021124049557
5.267721015110158 -0.003564531795967842
5.331187533364497 -0.006805418410964683
5.394654051618837 -0.009923292502549731
5.458120569873176 -0.012883507027119653
5.521587088127515 -0.015660582397105348
5.585053606381854 -0.018236503779833546
5.648520124636194 -0.020599073829304662
5.711986642890533 -0.022740462830842523
5.775453161144872 -0.02465601458478573
5.838919679399211 -0.026343312710123586
5.902386197653551 -0.027801482634635322
5.96585271590789 -0.029030692012831698
6.029319234162229 -0.030031810190641668
6.092785752416569 -0.030806190805913465
6.156252270670908 -0.03135554751659009
6.219718788925247 -0.03168189932017995
6.283185307179586 -0.03178756799595486
