-3.141592653589793 0.0024999999999999988
-3.0781261353354537 0.0018657608034343518
-3.0146596170811146 0.0012340754642625063
-2.951193098826775 0.0006074875563958952
-2.887726580572436 -1.1479871810792831e-05
-2.8242600623180967 -0.0006203344569848733
-2.7607935440637577 -0.0012166245566032755
-2.697327025809418 -0.0017979491208917182
-2.633860507555079 -0.002361967361004687
-2.5703939893007397 -0.002906408174555978
-2.5069274710464007 -0.003429079290546404
-2.443460952792061 -0.0039278760968653945
-2.379994434537722 -0.0044007901148211195
-2.3165279162833827 -0.004845917086575334
-2.2530613980290433 -0.00526146464291757
-2.1895948797747042 -0.005645759520503358
-2.126128361520365 -0.005997254299495143
-2.0626618432660258 -0.00631453363447582
-1.9991953250116865 -0.006596319953545184
-1.9357288067573473 -0.006841478602651068
-1.872262288503008 -0.007049022414440739
-1.8087957702486688 -0.007218115683235417
-1.7453292519943295 -0.00734807753012208
-1.6818627337399903 -0.0074383846446125414
-1.6183962154856508 -0.00748867339183008
-1.5549296972313116 -0.00749874127673875
-1.4914631789769723 -0.007468547759519422
-1.427996660722633 -0.007398214418809326
-1.3645301424682938 -0.007288024462147788
-1.3010636242139546 -0.00713842158559942
-1.2375971059596154 -0.006950008187146684
-1.1741305877052761 -0.006723542941045813
-1.1106640694509369 -0.006459937742913358
-1.0471975511965974 -0.006160254037844384
-0.9837310329422584 -0.0058256985463477125
-0.9202645146879189 -0.005457618405308319
-0.8567979964335799 -0.005057495743542582
-0.7933314781792404 -0.004626941713788628
-0.7298649599249014 -0.004167690005162917
-0.666398441670562 -0.0036815898622060508
-0.6029319234162229 -0.0031705986386277077
-0.5394654051618835 -0.002636773915734062
-0.47599888690754444 -0.0020822652172741043
-0.412532368653205 -0.0015093053540661352
-0.34906585039886595 -0.0009202014332566877
-0.2855993321445265 -0.00031732556841429505
-0.22213281389018746 0.000296894672134593
-0.158666295635848 0.0009199860402665026
-0.09519977738150853 0.001549439566958177
-0.03173325912716951 0.0021827206650193247
0.031733259127169955 0.0028172793349806797
0.09519977738150898 0.0034505604330418277
0.15866629563584844 0.004080013959733502
0.22213281389018746 0.0047031053278654075
0.28559933214452693 0.0053173255684142995
0.34906585039886595 0.005920201433256687
0.4125323686532054 0.006509305354066139
0.47599888690754444 0.007082265217274104
0.5394654051618839 0.007636773915734066
0.6029319234162229 0.008170598638627707
0.6663984416705624 0.008681589862206055
0.7298649599249014 0.009167690005162916
0.7933314781792409 0.009626941713788629
0.8567979964335799 0.010057495743542583
0.9202645146879194 0.010457618405308323
0.9837310329422584 0.010825698546347714
1.0471975511965983 0.01116025403784439
1.1106640694509373 0.011459937742913361
1.1741305877052763 0.011723542941045816
1.2375971059596154 0.011950008187146685
1.3010636242139553 0.012138421585599423
1.3645301424682943 0.012288024462147789
1.4279966607226333 0.012398214418809327
1.4914631789769723 0.012468547759519423
1.5549296972313122 0.01249874127673875
1.6183962154856513 0.012488673391830081
1.6818627337399903 0.012438384644612542
1.7453292519943293 0.012348077530122082
1.8087957702486692 0.012218115683235416
1.8722622885030082 0.01204902241444074
1.9357288067573473 0.011841478602651069
1.9991953250116872 0.011596319953545181
2.062661843266026 0.011314533634475819
2.126128361520365 0.010997254299495144
2.1895948797747042 0.010645759520503359
2.253061398029044 0.010261464642917564
2.316527916283383 0.009845917086575331
2.379994434537722 0.009400790114821119
2.443460952792061 0.008927876096865395
2.506927471046401 0.0084290792905464
2.57039398930074 0.007906408174555974
2.633860507555079 0.007361967361004687
2.697327025809418 0.006797949120891718
2.760793544063758 0.006216624556603271
2.824260062318097 0.0056203344569848695
2.887726580572436 0.005011479871810793
2.951193098826776 0.0043925124436040965
3.014659617081115 0.0037659245357374894
3.078126135335454 0.003134239196565644
3.141592653589793 0.0025000000000000014
