-3.141592653589793 -0.0026794919243112274
-3.0781261353354537 -0.00274269125561169
-3.0146596170811146 -0.0027491046711548284
-2.951193098826775 -0.002698803154810029
-2.887726580572436 -0.002591891112451481
-2.8242600623180967 -0.002428497429156913
-2.7607935440637577 -0.002208765226830993
-2.697327025809418 -0.0019328404626859329
-2.633860507555079 -0.0016008596578246624
-2.5703939893007397 -0.0012129372413176125
-2.5069274710464007 -0.00076915325148748
-2.443460952792061 -0.0002695424641658891
-2.379994434537722 0.0002859135761046818
-2.3165279162833827 0.0008972896666902749
-2.2530613980290433 0.0015647127181086743
-2.1895948797747042 0.0022883471925494916
-2.126128361520365 0.003068366827063587
-2.0626618432660258 0.0039049091609127066
-1.9991953250116865 0.004798009805537934
-1.9357288067573473 0.0057475145842987
-1.872262288503008 0.006752969836193826
-1.8087957702486688 0.00781349437003335
-1.7453292519943295 0.008927640517032086
-1.6818627337399903 0.010093255800203784
-1.6183962154856508 0.01130735988534391
-1.5549296972313116 0.012566052537615311
-1.4914631789769723 0.01386446642071869
-1.427996660722633 0.0151967736479682
-1.3645301424682938 0.016556247920073236
-1.3010636242139546 0.01793537653559296
-1.2375971059596154 0.019326010388969157
-1.1741305877052761 0.02071953661590112
-1.1106640694509369 0.022107058203024568
-1.0471975511965974 0.023479567122529504
-0.9837310329422584 0.024828101309817642
-0.9202645146879189 0.026143879931125595
-0.8567979964335799 0.02741841502554644
-0.7933314781792404 0.028643600300616124
-0.7298649599249014 0.029811779525133728
-0.666398441670562 0.03091579774199838
-0.6029319234162229 0.0319490386602404
-0.5394654051618835 0.032905451324298826
-0.47599888690754444 0.033779568698540964
-0.412532368653205 0.03456652028395997
-0.34906585039886595 0.035262040384941296
-0.2855993321445265 0.0358624732085788
-0.22213281389018746 0.036364775621507556
-0.158666295635848 0.03676651810790777
-0.09519977738150853 0.03706588425756985
-0.03173325912716951 0.03726166895211315
0.031733259127169955 0.037353275297927244
0.09519977738150898 0.037340710264738675
0.15866629563584844 0.03722457891927554
0.22213281389018746 0.03700607708656684
0.28559933214452693 0.03668698222100582
0.34906585039886595 0.036269642221109864
0.4125323686532054 0.035756961873196144
0.47599888690754444 0.03515238655887712
0.5394654051618839 0.03445988281011211
0.6029319234162229 0.03368391524642261
0.6663984416705624 0.03282941938721899
0.7298649599249014 0.03190176980634412
0.7933314781792409 0.030906743097404536
0.8567979964335799 0.029850475161690797
0.9202645146879194 0.02873941243206033
0.9837310329422584 0.02758025682289896
1.0471975511965983 0.026379904462151833
1.1106640694509373 0.02514537862310457
1.1741305877052763 0.02388375772519355
1.2375971059596154 0.022602099790950472
1.3010636242139553 0.021307365285376915
1.3645301424682943 0.020006340759044904
1.4279966607226333 0.018705566087011443
1.4914631789769723 0.01741126826045658
1.5549296972313122 0.016129304581032053
1.6183962154856513 0.014865117698286719
1.6818627337399903 0.013623704236182718
1.7453292519943293 0.012409597846237823
1.8087957702486692 0.011226866515673497
1.8722622885030082 0.010079122983516674
1.9357288067573473 0.008969546303127806
1.9991953250116872 0.007900912030214424
2.062661843266026 0.0068756282556828655
2.126128361520365 0.005895774734970046
2.1895948797747042 0.004963142639226242
2.253061398029044 0.004079272892728341
2.316527916283383 0.003245491582353958
2.379994434537722 0.002462941454883268
2.443460952792061 0.0017326090007473358
2.506927471046401 0.0010553470245938043
2.57039398930074 0.000431892909510314
2.633860507555079 -0.00013711700596353432
2.697327025809418 -0.0006511363898160545
2.760793544063758 -0.0011097006075278353
2.824260062318097 -0.0015124205204809262
2.887726580572436 -0.0018589777932834402
2.951193098826776 -0.002149121155963555
3.014659617081115 -0.0023826631229970745
3.078126135335454 -0.0025594767317818554
3.141592653589793 -0.0026794919243112274
