0.0 0.0
0.06346651825433926 0.000634239196565645
0.12693303650867852 0.0012659245357374926
0.1903995547630178 0.0018925124436041023
0.25386607301735703 0.0025114798718107924
0.3173325912716963 0.003120334456984871
0.3807991095260356 0.0037166245566032756
0.4442656277803748 0.0042979491208917165
0.5077321460347141 0.004861967361004687
0.5711986642890533 0.005406408174555975
0.6346651825433925 0.005929079290546404
0.6981317007977318 0.006427876096865392
0.7615982190520711 0.006900790114821121
0.8250647373064104 0.007345917086575333
0.8885312555607496 0.007761464642917568
0.9519977738150889 0.008145759520503358
1.0154642920694281 0.008497254299495145
1.0789308103237674 0.00881453363447582
1.1423973285781066 0.009096319953545184
1.2058638468324459 0.009341478602651066
1.269330365086785 0.00954902241444074
1.3327968833411243 0.009718115683235417
1.3962634015954636 0.00984807753012208
1.4597299198498028 0.009938384644612542
1.5231964381041423 0.00998867339183008
1.5866629563584815 0.00999874127673875
1.6501294746128208 0.009968547759519424
1.71359599286716 0.009898214418809326
1.7770625111214993 0.009788024462147788
1.8405290293758385 0.00963842158559942
1.9039955476301778 0.009450008187146685
1.967462065884517 0.009223542941045814
2.0309285841388562 0.008959937742913359
2.0943951023931957 0.008660254037844387
2.1578616206475347 0.008325698546347715
2.221328138901874 0.00795761840530832
2.284794657156213 0.0075574957435425826
2.3482611754105527 0.0071269417137886275
2.4117276936648917 0.0066676900051629165
2.475194211919231 0.006181589862206052
2.53866073017357 0.005670598638627709
2.6021272484279097 0.005136773915734063
2.6655937666822487 0.004582265217274105
2.729060284936588 0.004009305354066136
2.792526803190927 0.0034202014332566887
2.8559933214452666 0.002817325568414297
2.9194598396996057 0.0022031053278654083
2.982926357953945 0.001580013959733499
3.0463928762082846 0.0009505604330418243
3.1098593944626236 0.00031727933498067656
3.173325912716963 -0.00031727933498067857
3.236792430971302 -0.0009505604330418263
3.3002589492256416 -0.001580013959733501
3.3637254674799806 -0.0022031053278654057
3.42719198573432 -0.0028173255684142986
3.490658503988659 -0.0034202014332566865
3.5541250222429985 -0.004009305354066138
3.6175915404973376 -0.004582265217274103
3.681058058751677 -0.005136773915734064
3.744524577006016 -0.005670598638627706
3.8079910952603555 -0.006181589862206053
3.8714576135146945 -0.006667690005162916
3.934924131769034 -0.007126941713788629
3.998390650023373 -0.007557495743542582
4.0618571682777125 -0.007957618405308321
4.1253236865320515 -0.008325698546347713
4.188790204786391 -0.008660254037844388
4.25225672304073 -0.00895993774291336
4.3157232412950695 -0.009223542941045814
4.3791897595494085 -0.009450008187146683
4.442656277803748 -0.009638421585599423
4.506122796058087 -0.009788024462147788
4.569589314312426 -0.009898214418809326
4.6330558325667655 -0.009968547759519423
4.696522350821105 -0.00999874127673875
4.759988869075444 -0.00998867339183008
4.823455387329783 -0.009938384644612542
4.886921905584122 -0.009848077530122082
4.950388423838462 -0.009718115683235417
5.013854942092801 -0.00954902241444074
5.07732146034714 -0.009341478602651068
5.14078797860148 -0.009096319953545182
5.204254496855819 -0.00881453363447582
5.267721015110158 -0.008497254299495145
5.331187533364497 -0.008145759520503358
5.394654051618837 -0.0077614646429175664
5.458120569873176 -0.007345917086575331
5.521587088127515 -0.006900790114821121
5.585053606381854 -0.006427876096865396
5.648520124636194 -0.005929079290546402
5.711986642890533 -0.005406408174555974
5.775453161144872 -0.004861967361004688
5.838919679399211 -0.004297949120891719
5.902386197653551 -0.0037166245566032726
5.96585271590789 -0.0031203344569848707
6.029319234162229 -0.0025114798718107938
6.092785752416569 -0.0018925124436040975
6.156252270670908 -0.0012659245357374905
6.219718788925247 -0.0006342391965656453
6.283185307179586 -2.4492935982947064e-18
